004031000001000500090600200050000700003807400000540000000002070300008050000000012
010007600000000807090406010300090000065030070700005000000000000540002000000500103
000000000000008000020500007809200050400000100000005709008001460504070002230000000
000040008009031004000000020100000000800120005400007100002006070000000400060789000
000809002700000000300500070000090001000010400031640000400080100000300004020000780
003050000000200040000070013002405970900000000000900001020000007080100056054000000
090000021540020000300709004700005002000003709000000050008006000050000000002000605
320400000004090103080000000200006007000000030000010045000050090405008000007002060
700000504003500070000009001080210000000060090406700000000030005021000000600000102
050080001000650070090020040000900000100400900000010604600090200003500000870000000
500100000000900450008006030006000007002000000000065000000030008100790500890000012
700650030600231900002000400087500000060000089000079000000000000000020000320700000
700005001301800060005030000008000000000007000064300080000450120002000045000000009
001000000700000200004030000020087040090064000060000009000070600000005320006013070
001000000000600000006020009000090004800504120600003080020800600009000031400030000
000056000070000500000000201300000708900000060046007000130500900000210000004090002
008300040000000000540000200000000000031600080000900000907130460003050900005780000
000000032002000070800000500000008000003500007700300065006700200031040000007010004
080004201130000000005003700700600000000700460004100090000000300001000506040000070
050000000800000000000900650000030790007050201300008000640002007000600300001800005
000045009654000100007020000001000070000097301000001005200050000500008000000000560
000120060000000780065000000798000004030465000000000010080030000200600000006009001
006020087010000450000600000600001000020009000700400300004000000030070000890060031
000090000032050000800000400600009032000400900780100000005080001010500009000003006
000000000890004200030090060054030900070000000021080050400001008000050003000008005
000000000000003040003450807004070021007100006302005009060009030900000004000000000
008000000300090500600000008070400102020009040006003900007005010200080006000002000
000100070007406200310000500400000000800000000000080060500030097700060010003809000
031090004000400002500030000000070400900006000005000007020709600070000013000200090
310000000009604002400210008000080045090500000050002807000007050080000200000000000
103500000009300006000000000002000870080032040460080100200000900000003000050700003
001708060000000800790004230010000604040002000000400100003007000500010007800000000
008210050000009000000640000090000400060008020001000070000002000005080003013560900
900000300400020080013000000000500231060012800300090000080060000000000900000700064
130054000008200000006007020010000007870001050600700200000060080900000500000900000
000000300030600000870002004600000010200000080080000500050079100300005900008013000
970000000005070000013000000000001006006900000000005007000023005600700032100064800
030000070046009000090300000001056000000080030070000046000060080004000200009013060
006870010010060800000030000560000030102000009000302504000000001300506000000000400
980000000130600080000080020000003000200000008006790000700020400000004007065009300
010000908400708000000130000000054000040000300807000006030040700000800030700200050
000890040000005300000100870231070006000000002600000000100000000080046000540030007
020005000000070100708300600000056090040000000870010000100000800600709030000000405
000007300021054000908100050000090000030000090700013000406000201000005800000000400
400301090020000000080000200050000000003009005009600003000003700002070600000450012
000040008000000020800100060200000080040090130070010000001600009460780000000200500
000000004000700020310005890800300005046007001000000709700001400050000300200000000
000000605460000700000005300000709000000100807780054020003008050000002000800000200
050100807807004300000009005004000700900600000300000600000003000009000230001070006
079200000000040000000908310000300400001050087060000000000132000300000079004000030
090645020102000500040000000700060000300000054000001007000006300010000000060030078
007300400200060000000000130008000600000450800004009200070230006001000008060080000
008000004321500000040000000000230050200004000050000300070010000000000089504009210
098000000065003097001000600009400003500020700000008000000000100004000000210070560
400300900007400100200000000006001009000054000032900650000000700098000003000080060
320060000000807030000021000100040070040000000000100050010006009005070002070200006
000000040700040001050030009100009400000000000500000090201080054907006003060100000
007400000000032070300800500090006012050000000000089600000000020064300009001000050
600000030013405080097200006060007000001000000008302000500080001000040009080000000
900210004302000000040080103000002000000045700000090000080000050020000070405008300
000007103800200000201405000060009200008300000010000900406000000900020600000000870
000560090000000002007001060100000008500007013009200000002050009604080000900000400
000000700060007001008210000001064807500000000000300540300400000000009012007000600
000000079000003000645900001100006090080002400000000000010050000800030605006007030
100008040506103000070400020201090000600000007800000000000080600000002009000640300
650001007000097050009004002000012900100070500070640000000000700020080000000000030
780060300010000400000100000900005203000070000406002000800000000002080046000200098
000070600708000000640020098023097005000006200000100000010000000009500010060000800
000320500004000000001000800097000605600089030100050090080030000006000001003000007
002500908800200040004000001000004007908310000000070030023000000000020406500000000
000010700890006000003007000005020000000000320010000050000002090070604030030700560
000000130000300060020040080056009010800010000001005700005980000007000500010600000
000046009006800300000010000010000087050007000780000046002060000000000031008002400
000003080021807000000000000400010000002000600890050200050000890000008040070006102
087000060003005700000080000000100000020000807540090001009030004000060070400000102
008060020000009650006000780000500003100080000060132070000050000000008500004300000
100000809007100000500007300000000008079003640000000000030004080090000060060098001
000560100004000070000980400009005020060020080001700000000006000000100807310000005
045300000800600000000000600560000908900005300001009000400001080780000000003080050
000000000050210080089000102300000040560000070000060200020008000640100000800046000
200000000070005201050200800021800000000006000000030007100009450900000100605000008
007120000000000312000500807000000500605000030030600900900030000006970000021000000
010040090000300004600000010002400800007020006040070002020000007900000040060098000
002900000800604310060300000000000005000460001040200097100080050070000000006000009
000300709000006000020007004006200000809000023000009040400000090080500000310000405
031400009400000000800020000020060000540700031000032006000000700000890000070000605
000050300100080000000012009087000000300900406060020000009000123000000040406000070
807000000210040000600000200000310054300000009000080010009200400000600907005070000
000000640070000102000200008000800060009040000604102900000090450007004010006000000
050002070009000200030098060400103800000460000200000005040000000078040003000800000
070065020006010000000070040007000010050002008130000000009006230000000009010008006
000000000054800300870000005002004080000008002700300000000050700060009003900001540
000709060098000030600200007003007004080000001005010790020000000000045000006003000
000060000506700003098002600020000008000080030079100406100500080600000020000000000
020000970064000001000000400200006000040809300780001000300500009000700000000030640
000001000006080020020050900780020400050008003100000709070000000005007000000064090
089000000004003870000070000000506300460000080000900400800600200000020090103000004
009102004400700020310000000800300000004080000000006007900010506006000000030004900
900213000000700002300000800890000600506800000010500708000030004060070200000000000
100070005040200008008060000000000000006120900009054000301008600500000009000000230
100600800005890000000000005003004900000000210800002004000000008506900020070300040
004800200079000000000060000000008000000030045010000709500007001080100004003640900
000070231008000000010600000050000020000230406000000870004008000700000004030065090
040800210000020050031500070504709100800003000000000000000000000080030005010405000
070000020400000009013008000000000030000002080002000004807065300000013000020087060
000000070000300450004809001120006000007001040000000003030400090009100000605000300
800001460000089002000564800000030000064000000200000907087000050000090100003000000
001000000700200006040870210200400780007001050000090020000005070009000000006080000
001807004000006020006002080000009400800054000050000700120008000007000203000030000
870000050000000321020000900000100006040080200002650000700002000000007000003460700
000200000030040980400079020900032004001604000000000000000320006010000008540000000
004000020000320050030000007600000203090030004020650900400700002009000000000006009
080002450000008230000000000000020000000900010130004008700010600046009000001600070
000050009040700000000030506300405070006000003709200000010000090000807000070020050
000045000000200006000809000001050900097001000004000002200000008009000054600008103
300040008700000500050908000000005000090002600006000310002000890000300006000090103
000400010230070000600000800087050000000000604500200000700040100010090400060030009
600003908010000000000005000405001000000087400007000300000000090320000054080060013
980460300300009000000021000008000002001090500060100700000004000020000004500000980
500100090000005001200079000000310000780000000010007605650030008007006000000000006
000001078000500010320000005005310080008000001000080400054000000900605002002000000
400879100032400000000000040040900001000060000070001000600000200020000000907310500
004300008302090000078500100600030007020070000000400320000020700000900050000000200
005000000100790040800000020000200008012000000009400310000010907200900500000005001
460100000000506020001070005000020087879000000200000050000000009090600003000800040
708006003060100000030000600070654000000300007000070540080000301005000000002080000
201000500000300008070006000000007040004201000000050200010080000400000070890060320
078001006000045000060700001080100460030000008000000200000002000200006700500009100
000000040005010900070040300001000000006032800008000210020009600600000009007400100
000090000097020040002065800604000100000201000000050000400700201000000500120000009
000102000103000070064700130080000005000605980005009000070000600010000700000000010
080000020500001009003970000000500000060120700021000000079006300000010000002007050
100000900807030000450070002000040080709000500500008030002500000000200004000000103
000800004809000003600100070001000506007060000000000090130009000000500100006002980
000210000000089004000040003004000890000007005009000020500001008002900040070006100
500000900800600003200000056605030700000000100300007000000002070009000300130900004
640090200001050090007000500000007000030000908008301004004000001000540000080010000
000604080000000003000100500010000800050087000907300000003500900004070032070000006
080064002450300070000000000007050000040010007203009006000000300000000090021800500
050970000000130040020000009000000302000010600030600070500080030700001005300000090
097040000400030090010007000008500002004200800000809000700000320006000000003000650
564030000003800040000006010000000007010090056008400200400302800000000000907000000
100040900907000000060000003000000070000003605540900000002450000008100500000079100
709210600000009020300600800070000405000000000023050007000002000040070032000000090
300000000000000400050970001200500709008030500000807000030060008900003004000080020
500000000000600023300800540600003800008000000000000004006010900000405200010980060
560070030000302000100400007000008000709000400000650800600000012070003060002000000
203060900500780010800020000000004007040000000078001065100000000000800002000000046
008100000600079210000400008000000006004000300210005090007020654000900000001000000
000030090003809050000005201600000080000700405009000000450200000010000000800064100
807000020010000064060100080000605001300090600050000000000056000000870000040010090
003009005900600000005310700200800004080504000006020000000070040000056000050000090
045009020032000080070030000560000000000460800008000050000007003020600900000100006
005000890020000604070004010000003008000800000009000000050302000310070500000046002
040007023000005900000000400000008001302000070009020000005080000100040008087001005
500080000000000009000000060040000020200500078908230000000900003012450000000002506
000003006005000000100046000090000000000090010000000790700012045046009003030400070
000000709002070046080000032000320900010000400800040000400100000020008000900006003
097040000006001890000700004070000300400020000310009000000005013600000900200000050
080000050004000010000004007008001600000080023302000900009200000005870000030005009
300060000040009002700300000000500000005000023900100006020004009000907000000200564
200007000040000090007500010320000040006003000000050000000800600500302007790060100
465700001301000000000003000500000000000400700900002050000008300100005097007200400
010000600046002070090000001300970046000000007800400100000090000004030090080000200
020000005009006000000000870100000600098504020400010080000900046000000100050130000
030050800000897100000003600000006007046000030080230000000400000004080000908000400
000008006045001907000045021300000060000000000900050000003090040004030700070000200
970504001500000800001007005700006000000000070003000000890000200650003000000790600
000000000650009020000312000030000009400000230900020005002650008000800300080000060
060000000070001000000060800000800001890103040200000070500009310009000060010604000
000800200300600790000000004500908302020000000900030050600000000030040007700023000
700005000400000009000870605970000001600200800100000000000000200000001008031087006
003004900006000001790030604000065000000070020000000000102000008040907000900002500
000020700001009400009000000600302000120070000008000130400000080000800006800045003
000002000002080060070500000005000009030097006009640010046030070000000050000000120
005100070001980004800400000000000009020000450000050020064020000002070000009006300
907300000004000000200050080090000065500708200000000000800203000000087030310000009
210087600007400001500000000030009000900000000000003780001790004000000200060030800
097000065200500008005080000000300050000000900004007300009102000300605000500000002
210005800800003400460000000000000070000302650050890000000406000007000000006000021
050700000090010040300500000000090030800021000000006007400000300907000004210040090
001004900000007100000200540000000000005000320080000600030050890504790000700001000
310000800000007021090020000001005000000079002800230400020040007004008000000000006
070405030000000500640000000700004302001700000000020009080000000032009060006000790
000200005031000900006807010700130000012006000000000200009300000000040009065000100
400200700000005200300009460000100007700054000000080050046000800009006000010700000
700013000003500970000000120000000000010005009650790000090000056001004000000080010
010000005000300700897500001000709500040001000000000200300007600004020008070006000
020640900070200000040700000010000090008000500005000010200500070000001056000079200
050000900007640001000700060000001800700400200000009004000002090900000100013000506
102800000009040002400301000300089506070000200000000007000000600000005001050030070
000900000098000000020060007460000003000100405003004000050007020007031040000040080
406008002000054009780020000004807000020060000090001004000000203003000000070000060
009504000000000089103700050800040300605002000000900000000000200004023090030009000
004000970003000005807000002050002800001800000009564000000030000010007500000000320
060000000700600230210009506000100970908000000000080004004030090000004002100000000
000000000900605012500100000020900405000004000605000800300700000008000201000201080
020006980004007000070300000001400000050000102000001604000000070000090200907100400
000000000080506021005000080100080040007065030006031007030900000000000000654000000
010090000046000070907050000320070060005002000000000030000007540000100009009004200
007000000001900450000000009000406300102000004005020000078005002000080000560003800
005230700000980500090000000000003000023000600809600020060000070010008005000506000
605000800970400000003900005000030700700050300020800000004002080000000002000089600
450013900031000040000000020000000000002009000700000010000100080000800564080540002
002040079079000500000008000020500080000002050600090020003000098080000400004000003
012000987000007120000003000000500000050000000008302054100060070040900000079000000
030005807046090300009030500320050000000000010080021000000006009005007000000000006
000060000604070000008020500002500000540000003000010600320050007000009001070000460
700000400300400900000009030000310000001000080040000200908000064120050000600700300
230000070090030005040089000012050900700000000050007003000600000000013004005000020
000600020013007600400000080709004000021000400500001098800000100000908000000020000
000090400007604300000020000300009640080000200500000700010080000000400020006003078
000003000001500080400900000007100050000000970006000020900300600200405800000000213
700201000000040000000890010009000050000000789004780000000100004000600078046000200
100600980000700000800001500000006009500070002008010060230400000640080010000000000
080450010010000000000000097800600100020009605004000000700000000001070006406021000
004000320900010000000000800000007032890000500001400009006090000000201405030050000
001000000500008100070320400100000700006900031900000000003500090600070000700003050
007013000000000800005700001000000065002004000000070203800300040000500078006800030
213000040000000002400000908000700000007050000546010000000800060000540031000200800
090000600000078021032040000800010040050000003200005900080000005400789000000000000
000001009032007000709005210000000070010009050007006000560030000000908600000000002
000000004000000000006102708010009056008640001400200000200097000070000030004000900
050000000790000000000604080600070001080023040302006000000098020000002600003000900
065009002000001004013004090600000000900030540000005070000000300008000065000000980
300060000080002040540000100002650080700100400050080000000000809000001060005000002
000003009020900004870004000005300800000700006700000002506100000001070000000065020
000600790640009300700002005310004000060000003070000004003000000000800200800210000
007020000030050090000008120000000040103600980040700300800003500010000000604000000
650000080003000400080000302000020900000000604708506000006030000031800040000000020
000030650000008000000060900070000040050080010301000700900200000600007031030004009
000000097008020000000000300001600009090000540604700003200050070000003000005807100
000090050000000100000130700200008000007006203056000870000000004079650000600010000
002900004506000070900045002300890500400000090070000000000700060000100900000004003
000560000000809000080020000320406078400090000000000000030000700504000102908300000
605032000000080400800450030000000800300700060009004000500020090020000000070000203
020050709008032400000900000310000000000000060050800200000006008700003000004009021
400000008098600300020070060060300000800000000032090056040000090900060020000700000
000460000000000078001000605070000300400000080020790000780600003650020000000900400
003000080089001040005907000200600000008030000400070020000006078007010005000000200
000012056000000001102004009809000004050007000000600900090000000004800020003400700
000000020708000006003000009040080310000003000000604000600790000007302000021006700
021090050000030009790000100010000000460000900000004020000007004500000007800500210
079010000000000020300060000000003005056800012000400080700001600004080000032000900
000060013050002080000009460080406100400000000002000600809000000000300090201700000
003600000900000040600070000021506800090100000005800030002000070700002604000000001
000000000000800000056000098008400003003009500040003070900045020010000060004130000
070004010020000006540010000000046130000007005000000000708000000200009500600003790
200009645090000012050100007300907000000060020500000800020000006009400000600000000
890040300000009600050100000000560000010000050040000700000000031201090060004003008
000540000060200090000070504080060032500000000100000000700004001000003008030709400
012604800080300060500008030000005000890000004050000000020000780000013000000000302
800002064050097000010000000009000000005008020230450000000013006040000000000005078
907000005060800300000040000000130004000009120030000008090200006406000200100006000
500020709000400010000008000040003807008040003100700600000000008900600000302000050
002060007000001050500900000000000079870103000005870100000005000008000540000700003
700000000000070040600030000800500002021000400000000070080045300030009060040100097
100000460500100000007040003000700500600210090800500000230080000060000079000000100
460000030020564090080000500000907000203000000000020000500070100000006008900012000
000800400006023080009000001100009500500200000000600030002000654000000900708004000
600000000200400007000001605060098001010000079008103000050079010020050000000000000
100050000008000400000000002200605007800001000000000301021000080009020005004708003
300050009000010000400090230120000070090300060000007002000540090087000005060000000
056908030000000090700000400000800002031460070080003600005000000000040900000012000
500000800010009600800000013000100078000007064900400000460001009003900400000000000
009604000600000007302900000080005002050003009000009004000040031000020000200700600
000230009000004000020070004000003000908000010001000500005002900089005032010900000
500000080080006003102000000000002000000000031010708064060001007809500000000800006
640080000000605700000300050000090200230000870090003600050900030020400000007000000
030000070000080030800000000002605000005009300900120000000500980054000000009010504
000050009405009300000002040000560098004000000070000000003600000000080001790021006
500870000790010054021050809060000300000000000000040000000700001000003500002005080
002450007070000000004000003300040700800020650640800100000000800700001060000090000
000090600040030000080600020003000050050210070000040300100070000400000098070000230
050870000900000600003064700400000000000001456200056000000900030008020000000000079
000070040900040010005020080320800005709060000006001000100080000000400002500000009
200000000700046100400030809100908400000000000006000000010800540007050020000001008
400102000000000031002007600000001708070500020000900005054000007800650000010000000
800003650300600000004070100090010500000500800000008010007030000010400009000080200
009000560040900100000050007070003040005090013200064080000200000000080000003000008
300700000000604020040320070000000060900060001000203000100080406807000010060000000
100089000050000800000004020210000005006200000800050300000090000400102000098040030
000000020000000009012070040078004000050001090000000054090500130004300008200900000
000400900000000010009310600100000080050070002000000460200005007004800020790100000
020400007080300604500000002000006070900000000054700000012000709000203400000000100
004000000008050030201007604000030009097000103000000000046001900000500000003800006
080030000000000070560800010970320050201000000400009120000000006100006800005000000
600120000000000003030000400005000800009005200001980540000012009098600000000000600
400000000008050030020080506054020980000006000000000000000230070900000100130870000
040900020970132500300000780000007000700020450000460000000009230000000000000000800
500009000020000000980203000600800302000460080090000000400070020012000009070300000
000000000100060000004070300000102040003004800060000002908013650020000007000900003
080000060030054800040009001000002005000400000650080100708000000200540070000000002
031008006000050100000300900000907045809000000006000000010000000700500003400010790
000050030046030090100700005700605000050000000002800056090000203400000800000070000
009000400006000002032400087000000650600900010003000000080010040004000320000006008
000010700000006200000807050060300000008050130002000000400130008709000000030900004
050800030300004800070030060600070000000506090009100000500000001030400080000000650
060200000001098006000500002600030800020000560900400300040300009000000005008050000
006000070000090000009600002050200000100000600000500013000020089003970460700060000
087000000000078020013000000000200400040000003002004700000310604600700002000050080
004001007310000064000500000500000800000078000009040200000302000200890006800000001
600007000001000009000003040000000030000500000897001000040090100030450080089010600
800000003000800000060003087700000200002008456056000090000065300010000040000020000
005013700000009000000060030050020800100000406000004000060000007020070500079000120
200050080009001000500000203000000078007302060060009000001006000090020006000080100
900040013004030070000900006700460030000200000001009040000000000050001080032007000
000900600000100009907040020000000506060030000090050300230070005005300008000400000
908200006030005900000000001709130050000000080050700000000000000002006800540009020
012900005800600002040000000030008060000000000600003097000000000978506010000030070
006009003020000009709002004640007000000065000008000040000000010230040700000000460
000000600013000080400907200080013056002004900600000003700030000000060000004009000
200050870064000001090010506021000000000890000000020004000600700040700200008000000
060003009000000045000600001004000070300009000000560010000010000103087050008050003
098001005000000098004007030000300400020050809000009002000020000031400000600070000
000130000130500000060000100907300400010000080600900203070000050000006900040007000
012600000600080030009000050003040970004000002070100500000000800000700003000201060
310000080000000000070230000001060800006008002008010000000500090050000213900000056
000640032000007400000100800008406000003009060000020000070000200200900000640000908
400000070007000001300090004005100009078060000001700005000030000000540210000008400
405809000002000070098000000040000003000000000000300640600000010100054097009010500
090300000320400000060870000700001006000060098500700010008003500030600000000000200
000097030001000080879200000005000000000060007090000054040080001200005970080000000
000000000070060213000231008000007000800000001500002000020080500000406030060103000
097000210005001000210008000070004000000300008002000006009500030040000089000700400
000001007000090005000040300004032800200008000090500000056000000320000406800000230
100000400600200087080000300000000060050000079009540103020780040000003000000060000
005709020000400008800000605040000000100060900080200006000800203301000000090030000
005010700000080006070400000600002007100800000000504020000000870002000405900005300
000060100032870000040132000070000200000000560400000007000005020203000006060300000
002009400056300000008500002000800600000020907900045100030000040004000008800000000
000001890007000013200089000050000700009004001000008405064020000000060000003000500
008130000000500007450009002000001000200000800040000003807000040003054090000098000
089650000000000000020000600007540010500030098030800005000000002400013080000009000
640000800000000003003007000050102007800006200001900600060003000009040000012009000
000080000790020400302000089500000010000000000030006008604009200900302500000400000
000007230000000700008000000006009000100605008700002006000900020030060090800103040
604000010000000050010000009000978000900300560100050000000000003098002000020064007
450000800200000640900056003500020009000007000000000310000100000120080000008005001
009000005013060000400000000900003406000004700006097002008200000030000987000000010
000000023080010000300500000064700002000001500000050807000800030700000005210600700
008000400000000007500009000700210006002040098000908001000020000100054000650000300
040000097020000065800600000004000009003980000000050102000001000130090500090000003
000000400023600000006708000897003000000400090605000000908300050300006008000000200
800004031031000005000120000070000020000790000000200008000050000003800400060010709
700000500200004070600900200000210000320046900000000000807001040000000000046080300
008300000000000210100600000089000040006007000000000070000120600604078030003540000
080100000045080000100000000000003045006009020230006080700000006004090001000040009
000002000000007320030000007007000400060900003310050000708320006004000000000506080
300070000005001087900005002000000050600210090080600100023890006006000000000000000
007040200230000004040000000009000000002709006000003070900050010000900000006012780
006203000070406000000000005500020007700000000201000000005130090000500010020908004
000001005000090030300000000007000000004009010001050908078030500045080001100600000
056008000002400000900031006000000230000000090000000040040780100210000080079300000
000800056000000000604000009300980000700640100005020000001000000897000030000001097
000000006000000201400030900020800050078005000006302007310090000080040100000003000
003098400004200009000000000000000000600300700897050020010009006000030000700560300
040103090000000000001000400000000000007064000030008045465300700780050030000700000
708004100064003000030000004007000203050000007002090000000056000040020700000007600
600000008807050210300008006060000000000504000001000654040200800700000002000070000
100000000080005302400002070020700006008000000050010090000097040009040003000000780
210090000900040000500000007100007050709000100006000000000800640000500012000032700
005000001870102000000040000000700300080000050100006008600807000000203060300500090
400000987080600000120007000000300009090006030000070500004000000800000302001090004
000300405020000009060007010009230040000504000000080003700020000003000098400070000
010060700008003000560870002000450000700000006000000013200000009000200040450700000
010000090809200046000700000100405700000010400000097300030000008007000000006000013
200000005070040010400003000000007000000450300050201090320070400009000000000010780
000000000000006008654000100000002040301050070000008012700020005100000900500900030
009210005005000010003040700980000004000090300000000000000002500004070100010005807
001006080005780001900020000302500900060008000000032005000005000006000003070000400
200900000080500000000300870003790005900006000560100700000000604007000310050000000
030000700080000050005000300023600000700300400000009020000050080000213500064080000
640008103000000879009012000006700000030000000000000400004000030103060700000100040
000010000321007050000000030004001008102080000009004200600003700000070004800600000
100600800506709010000001000021000070000900000700300600000005000000007003980000460
001007000506000000800040003013000004000100080007000312000089500400000070000050030
001000070500800200000003005103004087000090000809000000000050090406000300008020400
504000700970000130010900000005000078700000300003009056000001000007500000030000600
000090006000400001050000900100000600900005003405230000002008400080000010000100097
000007000000450000000200700200700054009000200046030000010009000800040032050000870
020000008009230000000700001000405907080002604050008000032600000000000005004000200
400807001000500000900020054600008000032050007090300500060000000000040008080200000
000780600000000000040000000100070004780000300005230007002000050800056002000000879
045320000080000000100080006004000700090500003001009000000130008009460010000000050
000900213907000045000050008000890300009300000000000800006000000000013004100004009
000078100900000000030040000460000020009300600000000780040000000800002005301400908
079040000050000790003800004008000030064200000000000045900400001000302000020090000
008000012000000000020007645007056100600003000001090500009000000004100097000000006
600000002200040907700000040060700000000050879000300500500900300030000000087001000
000000500006000078700560000000080000050000080900600200120900450000002000090050032
000004001012080000040000980007005200030800005000300800708000002000900600000130000
790006210001080000600002000000040002300000460006300900070000300100007000000000089
500001780900000003012900000040000007800600020020000000000000900080005000001097054
200007500089000000060300970030900000000040020000000007000000405800500100640230000
060203080100000005000450020500000007002008600090000003000130000000007006008040030
001064009070000060000000003000006970800200050400007002000000000000003006054809300
800000000000005900060007002900230040300000000000079000000300006001064070056000031
008000650000054000000000302090200060030040007500080000000001046200000009054000100
600090120003406080090003000005080000000000000700000060000008000031000009008302640
000008001020000080870031060400000012302000000000000005050700100000400098080020000
000400010003000056004012000090005000020900000060000070070060103000008005006200090
700003060000000002300060900009000006050078000001500800000021000560090300000000780
080020005000007200000064007000000604050900000001040000900102540000080010300000090
000000605004000003020000009070012500600008000000506908800200400006070020300000000
000008020000004907009132000040009003010000070000000005064090000000500000700001560
000000900700000030000900500006201000008005000003080406040003809000040010021800000
406078000000002006000540000004000001800300000000050007000007103009000405010000780
000000800090230000045070012100006000000000450050790200000400070800002600000007000
000006007090000040000079100031000908900000060006700000000465700070200600000000030
040010000003708000000060030600020007030000040700000200000100900002080500807604000
870020500065000003001400800000210050040000010010504090900030000000007001000000000
020040007000103060005009000030060800070030004004078000200004000900010000500000030
080000000000780210310000780000100064060900000000064000000003600500000000201400900
780005301040200000100907000000400000500030000300009006900000100000000780001700500
210040009506000200000200060000400000050009001800100050020050070000900000009001040
650003000700000002000000040006000007070005301300090005005200009900046000001700000
000900560400000800700000102020000000000003908070060010100080040060020000090540000
000005000006000002780001000002060097000009300900000650030000008054800000090120000
002800640000020009807000030000900060450130000080050000200009000064000000000640000
540000100010000000900030064000000210300540080700003000600070000030400070009000400
120000045000000000640000080002700060800040010000003008000970050008006001000301000
020007000060300900009600021003000500000010800090000000000090650400032008070040000
050020000002009000900400000040001700000800000709006021005000079230070405000000000
007123000460000000000000800000000005000009031100000709900200650040000002300065000
002090006000000098089006010030000004000002870000000002000079600006000007090460000
002900000000310000000654000000800006000003800070060003000090000054030908008000102
000007200010000000000030045005008020000500907079010000600000300320040000000001406
000000009506000000870003000031600000600090003000000004100050700000080100907021600
000003900090056002003708040405301008000060000000070064600000000700000200002000000
060000000103890400000000302006000078010000000009400030000102009000900540000650000
010009000000001080008000002130007000400020000000560031000090400004002070980600000
070001000000000080560090230008010054302004000640000002000000000003506009000700000
010807000800000320060300080030700000900064000406000007000000604000050000000120070
009300006001000000000008200807000000203040087405007000000103504000000009000000102
070006000000000000000300890800400300012700004005201000000004100030090050046000008
000908000040300000000000020200080040006100700890056300001000006060003008008040000
007004030605100900200800000079060100400000000000090504008000000000203000000980040
200800000004010009080000003000900040500000087008460010301080500000200000009050000
600098003908001000030004000060007200000000005000000090400009000700300560010500700
400100009009500000200009000000001000078060020000907040005002790000000201003000005
300000500900400000000100709000000004008000001604200000001000000000546103500302800
090100065604009000000405000008000004500000200030000970000030006400907001002000000
709040020000000000000009650000065000540003007100000040900000003050200080003807000
080001050230040000000900000000103000300005080005000010097010600000000700056008300
980000405000600900000070000000300000100004000005800020000002650210400009450000001
000560003000000080001090604900000000006001000000080400007600020040302700103008000
650000090012000040000405310000020800100900050000004000040200000000080500098000100
070002000300050700460000021807200500000004000004080000080000604020000090000908000
004709000000030050000060007000070002890021000300004800600000200008010004002000008
020000000650030800970006300200709000500210000000040013010900040000000700090000000
000000030870302000201064008060070010700020500003000000004009003000000000002000780
002040000000097010008000650000400089006000000080100000013604070000009002009002000
000870000056000900000004010031980000000003000000050120020000604005020000870600000
987100000050080003010000070000200600000009300200050000008010460500000100000006900
000700030080002506001400800650870000000300004000000000500000301000210000200005070
000301000700005200200000000005203800070040000000098040060000087000000301001009006
300890050000060000006010700000000004870500020000230008210000000080000300405020000
456200800800000000200000504000020098000000200000907050005100000000064020010009000
004807000200400000007203500000070002000060090008000465000780300003000800700000000
003006000400800000098020500020000980560007030000000400000050000040700200009300005
023500000090020400600000000200006007000001000406080320002600800700000045000007000
600908000023000007800000050000000010300640000070002504040009003000406000080300000
087003004300500000005009200000000006000005900456000020000020600001000007000908010
002090000006130780000605103000089500000000800970006002000000006040010000090000000
087640000000001090002800004800000013005002000000009000000050001500013000203000600
009000005002040000050080003000032560010500070000000000700321000000000080006007320
000005200010009000000010987098006000001800500006000700080004000030000640000320000
605001070010900500807000030000003090100000000080006000450030000030000005000460100
080013500002000000000070000900000040000560000400000001007000400230056080054008020
807000064000000070000890000000002050000405000000000132000010000320040900054008003
900000120103080000000300090080000002000000005640120780000540000000807400060000000
000005070500090100080100005002050008650008000000000060201000900000000310078003000
000130007000000600800400320500000000010700040008560000050010790031800000000000200
060000000809006001300070000450002790000000200103009000000010009700065000000000604
050080000070320640001046000040007001700200000010004090000000012907000000002000000
200070050040030080090500002003097000500002700000054100010000600000000000780000030
800000004005800000002600000700030000500000302010000008080003060006009100020405090
098010056020000080000790003000000560100006070400000000007000005200400000006000032
000310000009400120020070004060000970700000031000800000500003007980000000300000006
010007400070406000005301009000080060000000100000003000301070600000500020060000907
400030700970000200000090050050000079000060001021078060000100000800005000010000600
210090500500012000080500000300700000004001008970000020000900004000000700007004030
012000004400000000008006300200009600600012070007004030000700000060100890000600000
003000000040010007000604020000800406600030080970000010000907040000001000700060200
450900100002046790000000006005008002000060080900001005000000000300000009780100000
010090004070000002060300000200078006800046000500200700000000060000004100054000008
400000010008003060000006009000800030700000000200000890560070300000010054030040900
800400030500020000001900060078045000000000090003000000000500200450300000032007006
000000000540010080007040201001900004004003009009005020300008600005200000900000000
031000006000000970800000010000007005040010000090654000002080600600030000000005130
003700405000000790000640000000000006450001000900060021010080000005000070097000100
000300056020000907000000100700000000000500090040800201907002060013040000005700000
400090000080000000000000087000000031807020400200056000005080010000100604032005000
080023506020050008400000000700300000000500900005090002000000005102060000000980100
400000000907640000020000600005002007000000200200098004060030900070400010000809000
000002700000097050008004203500020890030009005000000030040200000100000060000060300
500008203300005800009100000060000000020600070800000450000900300030000080000201005
780000000040003980003070500000005203050000000000080000800064001000002870020700000
080504300100800000040020000090006130000000060000000078008000000000709054600030800
